fx = 0.2101
z1 = -0.01991012930870084
z2 = 1.7509844067692764
